2018-11-12 00:00:00	0.000	0.000	99.855		2.140		114.840		13.824
2018-11-11 00:00:00	0.002	0.714	1551.435	157.755		1600.230	367.334
2018-11-10 00:00:00	0.000	0.000	0.000		0.000		0.000		0.000
2018-11-09 00:00:00	0.000	0.000	509.194		4.836		176.201		8.983
2018-11-08 00:00:00	0.000	0.000	40.455		1.037		41.173		6.106
2018-11-07 00:00:00	0.000	0.000	451.298		9.638		277.217		12.972
2018-11-06 00:00:00	0.000	0.000	618.129		12.368		47.908		7.226
2018-11-05 00:00:00	0.000	0.000	1297.605	25.813		707.346		25.050
2018-11-04 00:00:00	0.000	0.000	394.351		7.629		141.573		10.845
2018-11-03 00:00:00	0.000	0.000	971.189		17.066		26.745		4.345
2018-11-02 00:00:00	0.000	0.000	720.384		12.725		53.762		6.702
2018-11-01 00:00:00	0.000	0.000	723.238		8.355		135.027		8.065
2018-10-31 00:00:00	0.000	0.000	2668.589	42.413		176.598		27.059
2018-10-30 00:00:00	0.000	0.000	932.119		15.354		39.389		6.935
2018-10-29 00:00:00	0.000	0.000	914.773		16.993		199.590		18.337
2018-10-28 00:00:00	0.000	0.000	1258.594	22.972		250.368		18.497
2018-10-27 00:00:00	0.000	0.000	0.357		0.093		24.961		2.486
2018-10-26 00:00:00	0.000	0.000	1349.275	25.211		853.851		28.701
2018-10-25 00:00:00	0.000	0.000	35.945		1.386		218.178		11.158
2018-10-24 00:00:00	0.000	0.000	509.007		12.822		167.511		22.092
2018-10-23 00:00:00	0.000	0.000	533.296		8.637		2.615		1.063
2018-10-22 00:00:00	0.000	0.000	642.235		12.773		115.588		14.216
2018-10-21 00:00:00	0.000	0.000	15.172		0.642		71.388		18.018
2018-10-20 00:00:00	0.000	0.000	165.992		5.156		161.315		16.557
2018-10-19 00:00:00	1.274	0.059	65.800		4.726		141.469		64.258
2018-10-18 00:00:00	0.000	0.001	779.272		1760.432	69.972		22.259
2018-10-17 00:00:00	0.000	0.000	591.932		323.724		386.684		30.036
2018-10-16 00:00:00	0.000	0.000	576.402		8.050		98.323		13.362
2018-10-15 00:00:00	0.004	0.804	2569.081	92.900		632.203		166.643
2018-10-14 00:00:00	0.000	0.000	66.946		2.887		86.590		12.697
2018-10-13 00:00:00	0.000	0.001	427.506		1757.707	180.589		28.264
2018-10-12 00:00:00	0.000	0.003	1706.278	29.410		265.136		33.466
2018-10-11 00:00:00	0.000	0.001	624.790		8.365		98.530		8.332
2018-10-10 00:00:00	0.000	0.000	192.082		2025.163	314.438		11.554
2018-10-09 00:00:00	0.009	1.091	1150.713	53.744		2023.896	217.834
2018-10-08 00:00:00	0.000	0.220	257.105		310.633		755.968		72.948
2018-10-07 00:00:00	0.001	0.566	2504.732	139.234		1479.651	185.537
2018-10-06 00:00:00	0.000	0.745	8344.342	364.513		1101.220	485.411
2018-10-05 00:00:00	0.001	0.000	771.608		13.215		216.799		18.335
2018-10-04 00:00:00	0.000	0.000	2197.213	23.366		843.759		32.182
2018-10-03 00:00:00	0.000	0.000	1645.258	1474.401	155.582		18.022
2018-10-02 00:00:00	0.000	0.000	685.577		8.716		86.720		15.310
2018-10-01 00:00:00	0.000	0.111	1836.802	1309.004	354.013		55.609
2018-09-30 00:00:00	0.000	0.001	2510.439	55.413		1697.456	264.407
2018-09-29 00:00:00	0.000	0.003	572.312		6.952		518.371		57.987
2018-09-28 00:00:00	0.000	0.002	428.038		9.889		119.774		8.779
2018-09-27 00:00:00	0.000	0.027	541.170		123.790		259.441		12.911
2018-09-26 00:00:00	0.000	0.000	3605.634	55.091		469.124		24.177
2018-09-25 00:00:00	0.000	0.000	3682.603	344.911		517.882		128.415
2018-09-24 00:00:00	0.000	0.000	341.876		7.212		331.590		27.541
2018-09-23 00:00:00	0.029	4.878	3705.453	385.912		2700.399	1093.342
2018-09-22 00:00:00	0.000	0.001	933.542		8.513		460.044		41.166
2018-09-21 00:00:00	0.000	0.000	78.815		1.134		3.634		1.570
2018-09-20 00:00:00	0.000	0.000	245.263		3.029		30.762		21.560
2018-09-19 00:00:00	0.000	0.000	479.388		5.859		155.871		9.056
2018-09-18 00:00:00	0.000	0.000	415.265		3.946		1466.600	32.886
2018-09-17 00:00:00	0.000	0.000	0.010		0.002		3.370		0.711
2018-09-16 00:00:00	0.000	0.000	775.679		12.832		103.716		10.244
2018-09-15 00:00:00	0.000	0.000	1237.387	2601.669	263.891		23.424
2018-09-14 00:00:00	0.000	0.000	576.279		10.448		614.465		14.323
2018-09-13 00:00:00	0.000	0.000	1048.422	17.296		163.451		9.711
2018-09-12 00:00:00	0.000	0.000	1371.867	25.339		272.078		18.417
2018-09-11 00:00:00	0.000	0.000	58.286		0.990		6.668		4.014